(16,1,0)
(15,1,0)
(1,13,0)
(18,12,0)
(2,4,0)
(5,17,0)
(0,18,0)
(17,23,0)
(17,5,0)
(19,22,0)
(21,17,0)
(10,4,0)
(9,7,0)
(4,7,0)
(2,3,0)
(8,12,0)
(6,17,0)
(14,8,0)
(22,7,0)
(5,2,0)
(20,1,0)
(3,2,0)
(4,2,0)
(2,5,0)
(1,16,0)
(4,2,1)
(5,17,1)
(18,0,1)
(1,13,1)
(6,21,1)
(17,23,1)
(2,3,1)
(14,16,1)
(19,18,1)
(21,10,1)
(8,14,1)
(20,4,1)
(17,6,1)
(15,20,1)
(0,8,1)
(22,19,1)
(2,5,1)
(1,15,1)
(16,1,1)
(19,16,1)
(11,22,1)
(1,13,2)
(2,3,2)
(16,1,2)
(8,16,2)
(4,2,2)
(0,16,2)
(5,17,2)
(17,23,2)
(18,16,2)
(14,16,2)
(2,5,2)
-----------------------------------
(0,a)
(1,strcmp(c,"dateadded")
(2,(char*)
(3,char*)
(4,a = (char*)
(5,malloc(b+1)
(6,1)
(7,)
(8,printf("not equal.")
(9,if(!strcmp(c,"dateadded")
(10,a)
(11,RET)
(12,)
(13,char *c)
(14,"not equal.")
(15,"dateadded")
(16,!strcmp(c,"dateadded")
(17,b+1)
(18,free(a)
(19,a)
(20,c)
(21,b)
(22,free(a)
(23,int b)
^^^^^^^^^^^^^^^^^^^^^^^^^^^^^^^^^^^
1