(14,26,0)
(1,3,0)
(17,7,0)
(12,26,0)
(26,2,0)
(20,4,0)
(6,25,0)
(22,13,0)
(24,20,0)
(13,21,0)
(13,22,0)
(16,13,0)
(3,7,0)
(8,25,0)
(5,17,0)
(10,19,0)
(25,19,0)
(6,11,0)
(0,4,0)
(15,13,0)
(9,0,0)
(22,6,0)
(18,26,0)
(11,6,0)
(25,6,0)
(6,22,0)
(26,14,0)
(23,17,1)
(5,3,1)
(25,6,1)
(22,13,1)
(20,24,1)
(26,2,1)
(17,5,1)
(15,16,1)
(13,21,1)
(6,11,1)
(9,14,1)
(16,8,1)
(0,9,1)
(1,14,1)
(18,25,1)
(13,15,1)
(12,18,1)
(24,0,1)
(23,20,1)
(6,22,1)
(26,12,1)
(3,1,1)
(14,26,1)
(26,2,2)
(5,14,2)
(0,14,2)
(17,14,2)
(25,6,2)
(22,13,2)
(3,14,2)
(13,21,2)
(20,14,2)
(6,22,2)
(1,14,2)
(6,11,2)
(14,26,2)
(24,14,2)
(9,14,2)
-----------------------------------
(0,printf("not equal.")
(1,"equal.")
(2,char *c)
(3,printf("equal.")
(4,)
(5,a)
(6,(char*)
(7,)
(8,a)
(9,"not equal.")
(10,if(!strcmp(c,"dateadded")
(11,char*)
(12,"dateadded")
(13,b+1)
(14,!strcmp(c,"dateadded")
(15,1)
(16,b)
(17,free(a)
(18,c)
(19,)
(20,free(a)
(21,int b)
(22,malloc(b+1)
(23,RET)
(24,a)
(25,a = (char*)
(26,strcmp(c,"dateadded")
^^^^^^^^^^^^^^^^^^^^^^^^^^^^^^^^^^^
0